   6.47231963E+12  0.600000024    
   8.43854591E+12  0.887900054    
   1.16015518E+13   1.17474771    
   1.51259877E+13   1.35124743    
   2.19287524E+13   1.17474771    
   2.85904879E+13  0.887900054    
   4.37071517E+13  0.793837905    
   7.83446914E+13  0.671094298    
   1.02144808E+14  0.551667094    
   1.33175393E+14  0.416962117    
   1.48083426E+14  0.383373767    
   3.47400007E+14  0.407319754    
   3.47800009E+14  0.493687063    
   3.48200012E+14  0.503714263    
   3.48600014E+14  0.486734718    
   3.49000016E+14  0.460204065    
   3.49399985E+14  0.482149661    
   3.49799988E+14  0.513591826    
   3.50300016E+14  0.509047627    
   3.50699985E+14  0.504462600    
   3.51099987E+14  0.497292519    
   3.51499989E+14  0.517945588    
   3.51899992E+14  0.502816319    
   3.52399986E+14  0.500326574    
   3.52799989E+14  0.492122471    
   3.53199991E+14  0.522530615    
   3.53599993E+14  0.493591875    
   3.53999996E+14  0.488408178    
   3.54499990E+14  0.513156474    
   3.54899993E+14  0.491292536    
   3.55299995E+14  0.499809533    
   3.55699998E+14  0.511319757    
   3.56100000E+14  0.508353770    
   3.56599995E+14  0.506816328    
   3.56999997E+14  0.485523820    
   3.57399999E+14  0.499074847    
   3.57800002E+14  0.493755132    
   3.58299996E+14  0.496204108    
   3.58699999E+14  0.482680291    
   3.59199993E+14  0.488163292    
   3.59599996E+14  0.523238122    
   3.60099990E+14  0.486585051    
   3.60499993E+14  0.499782354    
   3.60899995E+14  0.478816360    
   3.61299997E+14  0.489428580    
   3.61799992E+14  0.460299343    
   3.62199994E+14  0.467333347    
   3.62599997E+14  0.473877579    
   3.63099991E+14  0.496802717    
   3.63599986E+14  0.470734715    
   3.63999988E+14  0.506530643    
   3.64500016E+14  0.472244889    
   3.64899985E+14  0.475061238    
   3.65299988E+14  0.480285764    
   3.65800016E+14  0.467564642    
   3.66300010E+14  0.462244898    
   3.66700013E+14  0.464693874    
   3.67200007E+14  0.460380942    
   3.67600010E+14  0.468612254    
   3.68000012E+14  0.458884358    
   3.68500007E+14  0.476802766    
   3.69000001E+14  0.466176897    
   3.69499996E+14  0.473047644    
   3.69899998E+14  0.475469410    
   3.70300001E+14  0.484585047    
   3.70799995E+14  0.468721122    
   3.71299990E+14  0.454421788    
   3.71799984E+14  0.477537423    
   3.72199987E+14  0.500748336    
   3.72700015E+14  0.464857131    
   3.73099984E+14  0.479605466    
   3.73700004E+14  0.472299308    
   3.74100007E+14  0.466789126    
   3.74500009E+14  0.470680296    
   3.75000004E+14  0.480680287    
   3.75499998E+14  0.497333348    
   3.75999993E+14  0.508693933    
   3.76399995E+14  0.499945581    
   3.76899990E+14  0.493673474    
   3.77399984E+14  0.495632648    
   3.77900012E+14  0.486816347    
   3.78400007E+14  0.476870775    
   3.78900002E+14  0.504285753    
   3.79399996E+14  0.502870739    
   3.79799999E+14  0.507387757    
   3.80299993E+14  0.479455769    
   3.80799988E+14  0.497496605    
   3.81300016E+14  0.503619075    
   3.81699985E+14  0.506557822    
   3.82300005E+14  0.495210886    
   3.82800000E+14  0.498312950    
   3.83200002E+14  0.493183702    
   3.83799989E+14  0.516476214    
   3.84299983E+14  0.496911585    
   3.84699986E+14  0.504000008    
   3.85300006E+14  0.501591861    
   3.85700009E+14  0.493850350    
   3.86299995E+14  0.500081658    
   3.86799990E+14  0.500666678    
   3.87199992E+14  0.507850349    
   3.87800013E+14  0.498163283    
   3.88300007E+14  0.519265354    
   3.88800002E+14  0.521823168    
   3.89299996E+14  0.507619023    
   3.89799991E+14  0.511224508    
   3.90299986E+14  0.518979609    
   3.90800014E+14  0.524721086    
   3.91400001E+14  0.522802711    
   3.91899995E+14  0.519265354    
   3.92399990E+14  0.524938822    
   3.92899984E+14  0.524598658    
   3.93400013E+14  0.529809535    
   3.93999999E+14  0.520068049    
   3.94400002E+14  0.529931962    
   3.94999988E+14  0.507006824    
   3.95500017E+14  0.528639436    
   3.96100003E+14  0.524517000    
   3.96599998E+14  0.538285732    
   3.97099993E+14  0.530897975    
   3.97599987E+14  0.523115695    
   3.98200008E+14  0.548965991    
   3.98700002E+14  0.514789164    
   3.99299989E+14  0.540299356    
   3.99799984E+14  0.525102019    
   4.00300012E+14  0.538353741    
   4.00800006E+14  0.550040841    
   4.01399993E+14  0.535932004    
   4.02000013E+14  0.526884377    
   4.02500008E+14  0.534965992    
   4.03099995E+14  0.523823142    
   4.03599989E+14  0.533605456    
   4.04200010E+14  0.546598613    
   4.04700004E+14  0.537034035    
   4.05199999E+14  0.557877541    
   4.05799986E+14  0.566612244    
   4.06300014E+14  0.554938793    
   4.06900001E+14  0.527986407    
   4.07499987E+14  0.540557861    
   4.08000016E+14  0.544462621    
   4.08600002E+14  0.537510216    
   4.09099997E+14  0.540326536    
   4.09699984E+14  0.545333326    
   4.10300004E+14  0.561210930    
   4.10799999E+14  0.541605473    
   4.11399986E+14  0.532258570    
   4.12000006E+14  0.537863970    
   4.12599993E+14  0.535755157    
   4.13099987E+14  0.535251677    
   4.13700008E+14  0.551387727    
   4.14299994E+14  0.538693905    
   4.14799989E+14  0.556544244    
   4.15400009E+14  0.555523813    
   4.16099988E+14  0.551333368    
   4.16700009E+14  0.545727909    
   4.17200003E+14  0.545278907    
   4.17799990E+14  0.548653066    
   4.18400011E+14  0.560598612    
   4.18999997E+14  0.580829978    
   4.19499992E+14  0.593741536    
   4.20100012E+14  0.598380983    
   4.20799991E+14  0.590272129    
   4.21400012E+14  0.583727896    
   4.21999998E+14  0.562353730    
   4.22599985E+14  0.575469375    
   4.23100013E+14  0.594258487    
   4.23700000E+14  0.570530653    
   4.24400013E+14  0.579360545    
   4.25000000E+14  0.573659897    
   4.25599986E+14  0.595455825    
   4.26200007E+14  0.585306168    
   4.26899986E+14  0.570598662    
   4.27400014E+14  0.571809530    
   4.28000001E+14  0.572517037    
   4.28599987E+14  0.577251673    
   4.29300000E+14  0.574557841    
   4.29899987E+14  0.581591845    
   4.30500007E+14  0.584027231    
   4.31099994E+14  0.572993219    
   4.31800006E+14  0.581374168    
   4.32399993E+14  0.575564623    
   4.33000014E+14  0.587918401    
   4.33699993E+14  0.569931984    
   4.34300013E+14  0.580653071    
   4.34900000E+14  0.596000016    
   4.35600012E+14  0.584408224    
   4.36199999E+14  0.593319714    
   4.36900012E+14  0.590612292    
   4.37499999E+14  0.607809544    
   4.38099985E+14  0.600204110    
   4.38799998E+14  0.604557872    
   4.39399985E+14  0.605863988    
   4.40099997E+14  0.604285717    
   4.40699984E+14  0.736775577    
   4.41399997E+14  0.667265356    
   4.42100009E+14  0.684299350    
   4.42799988E+14  0.629428625    
   4.43400008E+14  0.649768710    
   4.44099988E+14  0.669605434    
   4.44700008E+14  0.679768741    
   4.45399987E+14  0.691265345    
   4.46000007E+14  0.706176877    
   4.46800012E+14  0.721863985    
   4.47399999E+14  0.766666710    
   4.48100011E+14  0.822081685    
   4.48699998E+14  0.893727958    
   4.49400011E+14  0.986408174    
   4.50099990E+14   1.15495241    
   4.50800002E+14   1.65265310    
   4.51500015E+14   1.55510211    
   4.52100002E+14   2.20421767    
   4.52900006E+14   1.58448982    
   4.53499993E+14   1.32936060    
   4.54200006E+14   1.10413611    
   4.55000011E+14  0.955836713    
   4.55599997E+14  0.889401376    
   4.56300010E+14  0.812108934    
   4.57100015E+14  0.752421796    
   4.57700001E+14  0.749659896    
   4.58400014E+14  0.723020434    
   4.59199985E+14  0.698449016    
   4.59899998E+14  0.693306148    
   4.60600010E+14  0.685483038    
   4.61299989E+14  0.676435411    
   4.62000002E+14  0.664789140    
   4.62800007E+14  0.661931992    
   4.63399993E+14  0.657646298    
   4.64199998E+14  0.653483033    
   4.64900011E+14  0.663251758    
   4.65700016E+14  0.680625856    
   4.66399995E+14  0.664367318    
   4.67100007E+14  0.668272138    
   4.67799986E+14  0.654489815    
   4.68599991E+14  0.654081643    
   4.69300003E+14  0.648517013    
   4.70100008E+14  0.648734748    
   4.70799987E+14  0.707360566    
   4.71599992E+14  0.646462619    
   4.72399997E+14  0.640136063    
   4.72999984E+14  0.646775544    
   4.73799988E+14  0.642380953    
   4.74500001E+14  0.635238111    
   4.75300006E+14  0.641319752    
   4.76100010E+14  0.642816365    
   4.76799989E+14  0.629047632    
   4.77599994E+14  0.631836772    
   4.78399999E+14  0.643959224    
   4.79200004E+14  0.632081687    
   4.79900016E+14  0.650258541    
   4.80699988E+14  0.649741530    
   4.81499992E+14  0.647224486    
   4.82299997E+14  0.654748321    
   4.83000010E+14  0.670380950    
   4.83800014E+14  0.656380951    
   4.84599986E+14  0.665292501    
   4.85500016E+14  0.656163335    
   4.86299987E+14  0.661047637    
   4.87099992E+14  0.668054461    
   4.87800005E+14  0.697932005    
   4.88600009E+14  0.677877545    
   4.89400014E+14  0.676775575    
   4.90199985E+14  0.668068051    
   4.91100016E+14  0.673061252    
   4.91899987E+14  0.671932042    
   4.92699992E+14  0.663102031    
   4.93499997E+14  0.652163267    
   4.94300001E+14  0.678544283    
   4.95199998E+14  0.687809527    
   4.96000003E+14  0.672136068    
   4.96800008E+14  0.681959212    
   4.97600013E+14  0.692598701    
   4.98500010E+14  0.688639462    
   4.99300014E+14  0.687483013    
   5.00099986E+14  0.714176893    
   5.01000016E+14  0.703972816    
   5.01900013E+14  0.722367406    
   5.02699984E+14  0.721850395    
   5.03600015E+14  0.702571452    
   5.04399986E+14  0.753210902    
   5.05199991E+14  0.787591875    
   5.06099988E+14  0.735755086    
   5.06999985E+14  0.739455819    
   5.07900015E+14  0.727959216    
   5.08699987E+14  0.723142922    
   5.09700009E+14  0.702884376    
   5.10500014E+14  0.710843563    
   5.11400011E+14  0.714829981    
   5.12200016E+14  0.704884410    
   5.13200005E+14  0.677605450    
   5.14000010E+14  0.703863978    
   5.14999999E+14  0.697646260    
   5.15800004E+14  0.713700712    
   5.16700001E+14  0.689986408    
   5.17599998E+14  0.703197300    
   5.18499995E+14  0.729047656    
   5.19399992E+14  0.700721085    
   5.20299989E+14  0.705319762    
   5.21300011E+14  0.692966044    
   5.22100016E+14  0.705020428    
   5.23100005E+14  0.703727901    
   5.24099995E+14  0.693496644    
   5.24899999E+14  0.701061249    
   5.25899988E+14  0.697578251    
   5.26799985E+14  0.711932003    
   5.27700016E+14  0.712816358    
   5.28700005E+14  0.701074839    
   5.29600002E+14  0.702802718    
   5.30599991E+14  0.701523840    
   5.31499988E+14  0.721142888    
   5.32399985E+14  0.718408227    
   5.33400008E+14  0.727006793    
   5.34399997E+14  0.738639474    
   5.35399986E+14  0.731224537    
   5.36299983E+14  0.740476191    
   5.37300006E+14  0.732394576    
   5.38200003E+14  0.726517022    
   5.39199992E+14  0.730612278    
   5.40200015E+14  0.736231327    
   5.41200004E+14  0.730340183    
   5.42199993E+14  0.735972822    
   5.43200016E+14  0.730013609    
   5.44200005E+14  0.731034040    
   5.45199994E+14  0.752884388    
   5.46199984E+14  0.747714341    
   5.47200006E+14  0.768176854    
   5.48199996E+14  0.749741495    
   5.49300010E+14  0.743727922    
   5.50300000E+14  0.758190513    
   5.51299989E+14  0.762367368    
   5.52300012E+14  0.783836722    
   5.53300001E+14  0.804530621    
   5.54299990E+14  0.798571467    
   5.55400005E+14  0.793387771    
   5.56399994E+14  0.815768778    
   5.57399983E+14  0.843687117    
   5.58599990E+14  0.856244922    
   5.59600013E+14  0.839278996    
   5.60600002E+14  0.858666718    
   5.61699984E+14  0.844802737    
   5.62700006E+14  0.837346911    
   5.63900014E+14  0.822666705    
   5.64900003E+14  0.838217735    
   5.65999984E+14  0.845795989    
   5.66999973E+14  0.840653062    
   5.68200014E+14  0.827414989    
   5.69200003E+14  0.830952406    
   5.70299985E+14  0.855564594    
   5.71500025E+14  0.835918367    
   5.72500015E+14  0.825605512    
   5.73699988E+14  0.831904769    
   5.74699977E+14  0.869809568    
   5.75800026E+14  0.844748318    
   5.76999999E+14  0.829687059    
   5.78099981E+14  0.821646273    
   5.79300022E+14  0.803074837    
   5.80300011E+14  0.811551034    
   5.81499984E+14  0.810353816    
   5.82600033E+14  0.802149653    
   5.83800006E+14  0.811823130    
   5.84899988E+14  0.818721175    
   5.86100028E+14  0.849469423    
   5.87200010E+14  0.851523817    
   5.88399983E+14  0.856122434    
   5.89600024E+14  0.906408191    
   5.90700006E+14  0.938680291    
   5.91899979E+14   1.09059858    
   5.93200012E+14   1.34000003    
   5.94299993E+14   1.00376868    
   5.95499967E+14  0.914938807    
   5.96700008E+14  0.924108863    
   5.97799989E+14   1.07866669    
   5.99100022E+14   1.06793201    
   6.00299996E+14   1.00014973    
   6.01600029E+14   1.00442183    
   6.02800002E+14   1.01810896    
   6.03899984E+14   1.04960549    
   6.05200016E+14   1.06322455    
   6.06399990E+14   1.13189125    
   6.07700023E+14   1.22525167    
   6.08899997E+14   1.33380949    
   6.10200029E+14   1.58843541    
   6.11499995E+14   1.38911569    
   6.12699969E+14   1.26525176    
   6.14000002E+14   1.15606809    
   6.15299968E+14   1.08044899    
   6.16600001E+14   1.02866673    
   6.17799974E+14  0.983428597    
   6.19100007E+14  0.967197359    
   6.20399973E+14  0.935646236    
   6.21700006E+14  0.934367418    
   6.22999972E+14  0.924095273    
   6.24300004E+14  0.928163290    
   6.25599970E+14  0.942204118    
   6.26900003E+14  0.939972818    
   6.28300028E+14  0.949891150    
   6.29599994E+14  0.954040825    
   6.30900027E+14  0.947224557    
   6.32199993E+14  0.971483052    
   6.33700010E+14   1.01537418    
   6.34999976E+14   1.00680280    
   6.36300009E+14   1.00923812    
   6.37599975E+14   1.01647627    
   6.39099992E+14   1.04125178    
   6.40400025E+14   1.05757833    
   6.41899975E+14   1.06123817    
   6.43200008E+14   1.04727900    
   6.44600033E+14   1.05812240    
   6.46099983E+14   1.07689798    
   6.47400016E+14   1.09439456    
   6.48899967E+14   1.10865307    
   6.50199999E+14   1.10748303    
   6.51700017E+14   1.10302043    
   6.53099975E+14   1.11031294    
   6.54599992E+14   1.08017695    
   6.56000017E+14   1.12538779    
   6.57499967E+14   1.12274837    
   6.58999985E+14   1.10862589    
   6.60400010E+14   1.09202719    
   6.61900027E+14   1.06613612    
   6.63399977E+14   1.08054423    
   6.64800003E+14   1.05525172    
   6.66300020E+14   1.04908848    
   6.67799970E+14   1.03341496    
   6.69399980E+14   1.04103410    
   6.70899997E+14   1.06334698    
   6.72300022E+14   1.09414971    
   6.73900032E+14   1.09702051    
   6.75399982E+14   1.10976875    
   6.76999991E+14   1.12846267    
   6.78500009E+14   1.18673468    
   6.80100018E+14   1.32725179    
   6.81700028E+14   1.31687081    
   6.83199978E+14   1.37782311    
   6.84799988E+14   1.33476198    
   6.86399997E+14   1.26032650    
   6.88000007E+14   1.18835378    
   6.89600016E+14   1.14205444    
   6.91200026E+14   1.14293873    
   6.92799968E+14   1.11646259    
   6.94399978E+14   1.09795928    
   6.96099979E+14   1.10625851    
   6.97699989E+14   1.11008167    
   6.99299998E+14   1.13238096    
   7.00900008E+14   1.21044898    
   7.02600010E+14   1.17488444    
   7.04300011E+14   1.16200006    
   7.06000013E+14   1.16034019    
   7.07600023E+14   1.18220413    
   7.09400017E+14   1.19614971    
   7.11000026E+14   1.18439460    
   7.12800020E+14   1.18821776    
   7.14500022E+14   1.18425846    
   7.16100031E+14   1.20130622    
   7.17900025E+14   1.22931981    
   7.19600027E+14   1.27477562    
   7.21400021E+14   1.29474831    
   7.23200015E+14   1.32994568    
   7.24900017E+14   1.31469393    
   7.26700011E+14   1.27986395    
   7.28400013E+14   1.25714290    
   7.30299999E+14   1.21175516    
   7.32099993E+14   1.20227218    
   7.33999979E+14   1.20902050    
   7.35699981E+14   1.19097960    
   7.37499974E+14   1.21273470    
   7.39400028E+14   1.21183681    
   7.41300014E+14   1.21843541    
   7.43200000E+14   1.23138773    
   7.44900002E+14   1.25385046    
   7.46799988E+14   1.25706124    
   7.48599982E+14   1.29093885    
   7.50499968E+14   1.29400003    
   7.52500014E+14   1.27073467    
   7.54400000E+14   1.20974147    
   7.56299986E+14   1.27372789    
   7.58199972E+14   1.29346943    
   7.60300010E+14   1.30681634    
   7.62199996E+14   1.33050334    
   7.64199974E+14   1.34160542    
   7.66100027E+14   1.40326536    
   7.68000014E+14   1.42231297    
   7.70199976E+14   1.36517012    
   7.72100030E+14   1.32368720    
   7.74100008E+14   1.29874837    
   7.75999994E+14   1.31780958    
   7.78200024E+14   1.31741500    
   7.80200002E+14   1.30077553    
   7.82299973E+14   1.32063949    
   7.84300018E+14   1.37374163    
   7.86499981E+14   1.36612248    
   7.88500027E+14   1.40965998    
   7.90599997E+14   1.40789127    
   7.92599976E+14   1.40721095    
   7.94800006E+14   1.47115648    
   7.96999968E+14   1.47727895    
   7.99100006E+14   1.40884364    
   8.01299969E+14   1.40503407    
   8.03499999E+14   1.42489803    
   8.05499977E+14   1.41210890    
   8.07799999E+14   1.43292522    
   8.10000029E+14   1.42108846    
   8.12199992E+14   1.42897964    
   8.14500014E+14   1.42122459    
   8.16699977E+14   1.45020413    
   8.18999999E+14   1.45591843    
   8.21300021E+14   1.46258509    
   8.23499984E+14   1.45551026    
   8.25800006E+14   1.46503401    
   8.28100028E+14   1.45795929    
   8.30399983E+14   1.46925175    
   8.32700005E+14   1.45469391    
   8.35000027E+14   1.46013606    
   8.37499966E+14   1.45591843    
   8.39799989E+14   1.45564628    
   8.42100011E+14   1.48163271    
   8.44700009E+14   1.51401365    
   8.47000031E+14   1.54802728    
   8.49299986E+14   1.55755115    
   8.51899985E+14   1.55863953    
   8.54200007E+14   1.57469392    
   8.56800006E+14   1.56462598    
   8.59200020E+14   1.56557834    
   8.61700027E+14   1.56285727    
   8.64300026E+14   1.58585036    
   8.66699973E+14   1.69455779    
   8.69299971E+14   1.62122452    
   8.71899970E+14   1.59115660    
   8.74299984E+14   1.57551026    
   8.76999975E+14   1.57265317    
   8.79599974E+14   1.56993210    
   8.82199973E+14   1.56068027    
   8.84900031E+14   1.57482994    
   8.87500030E+14   1.61483002    
   8.90200020E+14   1.59482992    
   8.92900011E+14   1.58299327    
   8.95500010E+14   1.59945583    
   8.98200001E+14   1.62285721    
   9.00899992E+14   1.63809526    
   9.03799967E+14   1.66122448    
   9.06500025E+14   1.66149652    
   9.09200016E+14   1.67374146    
   9.11999999E+14   1.67129254    
   9.14899975E+14   1.67047620    
   9.17700025E+14   1.67823136    
   9.20600000E+14   1.70149672    
   9.23399983E+14   1.69183683    
   9.26400018E+14   1.72938788    
   9.29100009E+14   1.73510206    
   9.32099977E+14   1.73224497    
   9.34900027E+14   1.70299327    
   9.37899994E+14   1.68925178    
   9.41000021E+14   1.67714298    
   9.43999989E+14   1.67265320    
   9.47100016E+14   1.71673465    
   9.49899999E+14   1.69034004    
   9.53000026E+14   1.66176879    
   9.55999993E+14   1.62163281    
   9.59100020E+14   1.60721099    
   9.62199980E+14   1.60530627    
   9.65300007E+14   1.61741507    
   9.68700010E+14   1.60802722    
   9.71799970E+14   1.60122454    
   9.74899997E+14   1.60897958    
   9.78100016E+14   1.59387755    
   9.81500019E+14   1.59510207    
   9.84599979E+14   1.62448990    
   9.87799998E+14   1.67360556    
   9.91200002E+14   1.70965981    
   9.94699997E+14   1.75877547    
   9.97900016E+14   1.78000009    
   1.00099998E+15   1.79537416    
   1.00500000E+15   1.79795921    
   1.00799997E+15   1.80517018    
   1.01199999E+15   1.80612254    
   1.01500003E+15   1.78353751    
   1.01899998E+15   1.74789119    
   1.02200002E+15   1.75428569    
   1.02499998E+15   1.77374160    
   1.02900001E+15   1.82380950    
   1.03300003E+15   1.84435368    
   1.03600000E+15   1.87469399    
   1.04000002E+15   1.92149663    
   1.04299999E+15   1.97850335    
   1.04700002E+15   2.04489803    
   1.05099997E+15   2.12367368    
   1.05500000E+15   2.35959196    
   1.05800003E+15   2.74857140    
   1.06199999E+15   2.68884349    
   1.06600001E+15   2.32027221    
   1.06999997E+15   2.10680270    
   1.07399999E+15   2.01360559    
   1.07800002E+15   1.98353755    
   1.08199997E+15   1.95877564    
   1.08500001E+15   1.91510212    
   1.08900003E+15   1.88054430    
   1.09299999E+15   1.85034025    
   1.09700001E+15   1.80816329    
   1.10099997E+15   1.78217685    
   1.10599998E+15   1.76040816    
   1.11000001E+15   1.77387762    
   1.11400003E+15   1.75442183    
   1.11799999E+15   1.75210893    
   1.12200001E+15   1.77306139    
   1.12699996E+15   1.81972790    
   1.13100005E+15   1.84435368    
   1.13500000E+15   1.85346949    
   1.14000002E+15   1.83034015    
   1.14399997E+15   1.83714294    
   1.14800006E+15   1.84598637    
   1.15299994E+15   1.85945582    
   1.15700003E+15   1.88027203    
   1.16200005E+15   1.88380945    
   1.16600000E+15   1.90625870    
   1.17100002E+15   1.90965998    
   1.17600003E+15   1.91020405    
   1.18100004E+15   1.92149663    
   1.18500000E+15   1.93319738    
   1.19000001E+15   1.94408178    
   1.19500003E+15   1.93959200    
   1.19899998E+15   1.93850350    
   1.20399999E+15   1.93387759    
   1.20900001E+15   1.90312922    
   1.21400002E+15   1.92993212    
   1.21900003E+15   1.94938779    
   1.22400005E+15   1.98476195    
   1.22900006E+15   1.92367351    
   1.23399994E+15   1.89387763    
   1.24000001E+15   1.87197280    
   1.24500002E+15   1.86666679    
   1.25000003E+15   1.86326551    
   1.25500005E+15   1.87251711    
   1.26099998E+15   1.86897969    
   1.26600000E+15   1.90108860    
   1.27100001E+15   1.93102038    
   1.27699994E+15   1.93877554    
   1.28300001E+15   1.90517020    
   1.28800003E+15   1.88095236    
   1.29399996E+15   1.85619056    
   1.29899997E+15   1.82557833    
   1.30500004E+15   1.79755104    
   1.31099998E+15   1.78666663    
   1.31700005E+15   1.75047624    
   1.32200006E+15   1.72829938    
   1.32800000E+15   1.74027216    
   1.33400006E+15   1.75795925    
   1.34000000E+15   1.75605452    
   1.34599994E+15   1.72925174    
   1.35300006E+15   1.73959184    
   1.35900000E+15   1.76843536    
   1.36500007E+15   1.78122449    
   1.37100000E+15   1.76843536    
   1.37799999E+15   1.78380954    
   1.38400006E+15   1.79605448    
   1.39100005E+15   1.81170070    
   1.39699999E+15   1.82136059    
   1.40399998E+15   1.85455799    
   1.41099997E+15   1.89401376    
   1.41700004E+15   1.89850354    
   1.42400003E+15   1.92938769    
   1.43100002E+15   1.94013608    
   1.43800001E+15   1.94231296    
   1.44500001E+15   1.89292526    
   1.45200000E+15   1.88312936    
   1.45899999E+15   1.87074828    
   1.46599998E+15   1.85605443    
   1.47400003E+15   1.87482989    
   1.48100002E+15   1.89986396    
   1.48800001E+15   1.90680277    
   1.49600006E+15   1.90952384    
   1.50300005E+15   1.89564645    
   1.51099996E+15   1.93319738    
   1.51900001E+15   2.00326538    
   1.52600000E+15   2.05360556    
   1.53499997E+15   2.16911578    
   1.54199996E+15   2.34285736    
   1.55100007E+15   2.69442177    
   1.55800006E+15   2.82367349    
   1.56700003E+15   2.65659881    
   1.57499994E+15   2.40571451    
   1.58299999E+15   2.24993205    
   1.59199996E+15   2.22789121    
   1.60100006E+15   2.20557833    
   1.60899998E+15   2.10217690    
   1.61799995E+15   2.03741503    
   1.62700005E+15   2.03306127    
   1.63600002E+15   2.03455806    
   1.64499999E+15   2.03061223    
   1.65399996E+15   2.03510213    
   1.66300006E+15   2.05809522    
   1.67299995E+15   2.05931973    
   1.68200006E+15   2.06231308    
   1.69199995E+15   2.11006808    
   1.70100005E+15   2.14789104    
   1.71099995E+15   2.09156466    
   1.72099997E+15   2.09741497    
   1.73100000E+15   2.11374164    
   1.74100002E+15   2.08040833    
   1.75199997E+15   2.06544209    
   1.76200000E+15   2.06448984    
   1.77200002E+15   2.17428565    
   1.78299997E+15   2.27333331    
   1.79400005E+15   2.26884365    
   1.80500000E+15   2.30693889    
   1.81599995E+15   2.37673473    
   1.82700003E+15   2.32612252    
   1.83900004E+15   2.33306122    
   1.84999999E+15   2.32925177    
   1.86199999E+15   2.30829930    
   1.87299994E+15   2.36231303    
   1.88499994E+15   2.47904754    
   1.89699995E+15   2.78857136    
   1.90899995E+15   3.46489811    
   1.92200001E+15   4.03863955    
   1.93499994E+15   3.27768707    
   1.94699994E+15   2.75306129    
   1.96000000E+15   2.40190482    
   1.97300006E+15   2.28204083    
   1.98599999E+15   2.21061230    
   1.99900005E+15   2.18789124    
   2.01300003E+15   2.10517025    
   2.02700002E+15   2.09986401    
   2.04100000E+15   2.05360556    
   2.05499998E+15   2.05605459    
   2.06899997E+15   2.10544229    
   2.08400000E+15   2.16489792    
   2.09799999E+15   2.31278920    
   2.11300003E+15   2.65142870    
   2.12899999E+15   2.68843555    
   2.14400003E+15   2.41374159    
   2.15999999E+15   2.23891163    
   2.17500003E+15   2.18761921    
   2.19099999E+15   2.11564636    
   2.20800001E+15   2.19156456    
   2.22399997E+15   2.27564621    
   2.24099998E+15   2.14272118    
   2.25799987E+15   2.27564621    
   2.27600008E+15   2.39931989    
   2.29300009E+15   2.22993207    
   2.31100003E+15   2.16435385    
   2.32899997E+15   2.26217699    
   2.34699991E+15   2.67292523    
   2.36600004E+15   2.96163273    
   2.38499990E+15   3.73047638    
   2.40400003E+15   4.29523802    
   2.42400008E+15   4.82367373    
   2.44399987E+15   6.72190523    
   2.46399992E+15   3.59972787    
   2.48499989E+15   2.38734698    
   2.50599987E+15   2.06408167    
   2.52700011E+15   1.88244915    
   2.54900001E+15   1.54748297    
   2.57099990E+15   1.30711567    
   2.59300007E+15   1.39904773    
   2.61599989E+15   1.44258499    
   2.63999990E+15   1.43074834    
   2.66299998E+15   1.36503410    
   2.68799991E+15   1.52503407    
   2.71199992E+15   1.36217690    
   2.73700012E+15   1.42612255    
   2.76200005E+15   1.52163279    
   2.78900010E+15   1.64394557    
   2.81499995E+15   1.44435370    
   2.84199999E+15   1.60380960    
   2.86900004E+15   2.23210883    
   2.89700000E+15   1.71659875    
   2.92599989E+15   1.32462597    
   2.95500005E+15   1.25393200    
   2.98500012E+15   1.32612240    
   3.01499993E+15   1.33985043    
   3.04599993E+15   1.35432661    
   3.07699993E+15  0.943741500    
   3.10900012E+15  0.991523862    
   3.14299989E+15   1.01642179    
   3.17600000E+15  0.959034026    
   3.21099996E+15  0.980353773    
   3.24500000E+15  0.733714342    
   3.28200006E+15  0.564421773    
   3.31799994E+15  0.528585017    
   3.35599994E+15  0.345619053    
   3.39500012E+15  0.230136067    
   3.43400003E+15  0.161061227    
   3.47399987E+15  0.241523817    
   3.51499989E+15  0.173782319    
   3.55700011E+15   2.09360551E-02
   3.59999998E+15  0.172081634    
   3.67100008E+15  0.132065311    
   9.90099999E+16  0.202571437    
   1.01299999E+17  0.199210882    
   1.03700001E+17  0.195931986    
   1.06100003E+17  0.192721099    
   1.08600000E+17  0.189605445    
   1.11099998E+17  0.186557829    
   1.13699999E+17  0.183591843    
   1.16300001E+17  0.180693895    
   1.18999997E+17  0.177863955    
   1.21799998E+17  0.175102055    
   1.24599999E+17  0.172408164    
   1.27500004E+17  0.169768721    
   1.30499996E+17  0.167197287    
   1.33600000E+17  0.164693892    
   1.36699996E+17  0.162244901    
   1.39900004E+17  0.159836739    
   1.43100004E+17  0.157496601    
   1.46400008E+17  0.155210897    
   1.51500006E+17  0.152748302    
   1.57000004E+17  0.150870755    
   1.63900006E+17  0.148775518    
   1.72099992E+17  0.147510216    
   1.84700001E+17  0.146476194    
   1.96400007E+17  0.146693885    
   2.03500000E+17  0.147619054    
   2.13000004E+17  0.149469391    
   2.25400004E+17  0.151333332    
   2.37499992E+17  0.153387755    
   2.43000007E+17  0.154312938    
   2.48699995E+17  0.155251697    
   2.54500005E+17  0.156190485    
   2.60400002E+17  0.157142863    
   2.66500006E+17  0.158108845    
   2.72699998E+17  0.159074828    
   2.78999993E+17  0.160054430    
   2.85499997E+17  0.161047623    
   2.92199991E+17  0.162040815    
   2.98999989E+17  0.163047627    
   3.05999996E+17  0.164068028    
   3.13099989E+17  0.165088445    
   3.20399990E+17  0.166122466    
   3.27900000E+17  0.167156473    
   3.35499996E+17  0.168217689    
   3.43300000E+17  0.169265300    
   3.51300012E+17  0.170340136    
   3.59499998E+17  0.171414971    
   3.67899992E+17  0.172517017    
   3.76400007E+17  0.173605442    
   3.85199983E+17  0.174721092    
   3.94200001E+17  0.175836742    
   4.03300006E+17  0.176965997    
   4.12700006E+17  0.178108841    
   4.22400001E+17  0.179265320    
   4.32200016E+17  0.180421770    
   4.42299993E+17  0.181591839    
   4.52600012E+17  0.182775512    
   4.63100004E+17  0.183972806    
   4.73899991E+17  0.185170084    
   4.84899987E+17  0.186380967    
   4.96200011E+17  0.187619060    
   5.07799996E+17  0.188843533    
   5.19599990E+17  0.190095246    
   5.31700012E+17  0.191360548    
   5.44099995E+17  0.192639470    
   5.56800007E+17  0.193918377    
   5.69699993E+17  0.195210889    
   5.83000029E+17  0.196517006    
   5.96600026E+17  0.197836742    
   6.10499983E+17  0.199183673    
   6.24699970E+17  0.200517029    
   6.39299972E+17  0.201877564    
   6.54200004E+17  0.203251705    
   6.69399996E+17  0.204639465    
   6.85000005E+17  0.206040829    
   7.00899974E+17  0.207442179    
   7.17300014E+17  0.208870739    
   7.34000015E+17  0.210312918    
   7.51100032E+17  0.211755112    
   7.68599997E+17  0.213224500    
   7.86499978E+17  0.214707494    
   8.04799974E+17  0.216190472    
   8.23499987E+17  0.217700675    
   8.42700003E+17  0.219224498    
   8.62300034E+17  0.220761910    
   8.82400000E+17  0.222312942    
   9.02999969E+17  0.223877564    
   9.24000023E+17  0.225469410    
   9.45500010E+17  0.227061227    
   9.67599988E+17  0.228680268    
   9.90099982E+17  0.230299324    
   1.01299999E+18  0.231945589    
   1.03699999E+18  0.233605444    
   1.06100000E+18  0.235292524    
   1.08600000E+18  0.236979589    
   1.11100001E+18  0.238693878    
   1.13700003E+18  0.240421772    
   1.16300004E+18  0.242163271    
   1.19000006E+18  0.243918359    
   1.21799995E+18  0.245700687    
   1.24599997E+18  0.247496620    
   1.24599997E+18  0.247496620    
   1.27500001E+18  0.249306127    
   1.30500004E+18  0.251142859    
   1.33599995E+18  0.252993226    
   1.36699999E+18  0.254857153    
   1.39900004E+18  0.256748319    
   1.43099995E+18  0.258653075    
   1.46400001E+18  0.260585040    
   1.49899994E+18  0.262530625    
   1.53300000E+18  0.264489800    
   1.56899993E+18  0.266476184    
   1.60600001E+18  0.268476188    
   1.64299995E+18  0.270503432    
   1.68100003E+18  0.272544235    
   1.72099999E+18  0.274612248    
   1.76099995E+18  0.276707500    
   1.80200005E+18  0.278816342    
   1.84400002E+18  0.280938774    
   1.88700000E+18  0.283102036    
   1.93099998E+18  0.285265326    
   1.97599997E+18  0.287469387    
   2.02199996E+18  0.289687067    
   2.06899996E+18  0.291931987    
   2.11699996E+18  0.294190496    
   2.16599997E+18  0.296476185    
   2.21700000E+18  0.298789144    
   2.26800002E+18  0.301129252    
   2.32100005E+18  0.303496599    
   2.37500009E+18  0.305877566    
