Giant Elliptical Template 
1.2760E14    1.0373E44
1.2900E14    1.0406E44
1.3030E14    1.0595E44
1.3170E14    1.3116E44
1.3310E14    1.3624E44
1.3450E14    1.3341E44
1.3600E14    1.3627E44
1.3750E14    1.4253E44
1.3900E14    1.5042E44
1.4060E14    1.5276E44
1.4220E14    1.5059E44
1.4380E14    1.5628E44
1.4550E14    1.5693E44
1.4720E14    1.5360E44
1.4900E14    1.5933E44
1.5080E14    1.6315E44
1.5260E14    1.6742E44
1.5450E14    1.7203E44
1.5640E14    1.7660E44
1.5840E14    1.8164E44
1.6050E14    1.8728E44
1.6250E14    1.9289E44
1.6470E14    1.9866E44
1.6690E14    2.0497E44
1.6910E14    2.1081E44
1.7150E14    2.2667E44
1.7390E14    2.3567E44
1.7630E14    2.4266E44
1.7890E14    2.4143E44
1.8150E14    2.5171E44
1.8410E14    2.5136E44
1.8690E14    2.5015E44
1.8970E14    2.3697E44
1.9270E14    2.5462E44
1.9570E14    2.5015E44
1.9880E14    2.4615E44
2.0210E14    2.4367E44
2.0530E14    2.4249E44
2.0880E14    2.4429E44
2.1240E14    2.4763E44
2.1600E14    2.5113E44
2.1980E14    2.5439E44
2.2380E14    2.5698E44
2.2790E14    2.5404E44
2.3210E14    2.5734E44
2.3650E14    2.6074E44
2.4110E14    2.5468E44
2.4580E14    2.6038E44
2.5080E14    2.5038E44
2.5590E14    2.5183E44
2.6130E14    2.5521E44
2.6680E14    2.5316E44
2.7480E14    2.4820E44
3.0100E14    2.3939E44
3.0410E14    2.3768E44
3.0720E14    2.3142E44
3.1040E14    2.3464E44
3.1360E14    2.3041E44
3.1690E14    2.2620E44
3.2030E14    2.2382E44
3.2380E14    2.2877E44
3.2730E14    2.3955E44
3.3100E14    2.4429E44
3.3460E14    2.3464E44
3.3840E14    2.3961E44
3.4230E14    2.3195E44
3.4620E14    2.1737E44
3.5030E14    2.0096E44
3.5450E14    2.0985E44
3.5860E14    2.1538E44
3.6300E14    2.2589E44
3.6750E14    2.2501E44
3.7200E14    2.1918E44
3.7680E14    2.0366E44
3.8160E14    2.0975E44
3.8640E14    2.0469E44
3.9150E14    2.0611E44
3.9670E14    2.1662E44
4.0200E14    2.1380E44
4.0740E14    2.0408E44
4.1310E14    1.9293E44
4.1890E14    1.7956E44
4.2480E14    1.9879E44
4.3090E14    1.9606E44
4.3720E14    1.8685E44
4.4370E14    1.8205E44
4.5040E14    1.8332E44
4.5730E14    1.8741E44
4.6440E14    1.8523E44
4.7160E14    1.7701E44
4.7910E14    1.5985E44
4.8690E14    1.7779E44
4.9510E14    1.7989E44
5.0330E14    1.6604E44
5.1200E14    1.6504E44
5.2090E14    1.6334E44
5.3010E14    1.5513E44
5.3960E14    1.5845E44
5.4950E14    1.4676E44
5.5980E14    1.5241E44
5.7050E14    1.3880E44
5.8150E14    1.1888E44
5.9300E14    1.1926E44
6.0500E14    1.2936E44
6.1750E14    1.1965E44
6.3050E14    1.2139E44
6.4410E14    1.0605E44
6.5820E14    1.0235E44
6.7310E14    9.2172E43
6.8840E14    8.2130E43
7.0460E14    7.0990E43
7.2170E14    5.7743E43
7.3950E14    5.7970E43
7.5820E14    3.8238E43
7.7800E14    2.5586E43
7.9870E14    2.6206E43
8.2050E14    3.0402E43
8.4370E14    2.6564E43
8.6810E14    2.1697E43
8.9410E14    2.0960E43
9.2140E14    1.5567E43
9.5070E14    8.1264E42
